x1 = 0:0.05:1;
y1 = [0 0.275 0.436 0.543 0.618 0.675 0.720 0.756 0.786 0.811 0.833 0.853 0.871 0.888 0.903 0.918 0.933 0.949 0.964 0.981 1];
P = [7295 9562 11695 13682 15536 17256 18883 20390 21817 23150 24404 25604 26751 27845 28898 29925 30938 31939 32952 33979 35032];
